2455
51684
30786
18423
32768
30786
18423
32768
470
32768
18423
470
7213
9794
25555
10780
32768
4785
10780
10912
4785
32768
41687
30786
25555
10780
43677
32768
14595
10780
32768
470
32751
10780
32768
19547
26156
30786
43184
19547
32768
4785
26156
32768
10780
43184
4437
32751
814
9794
4785
31525
32768
470
18423
32768
21730
10780
25555
25555
32768
470
18423
32768
34138
10780
4437
32751
814
9794
4785
32768
4785
51684
30786
18423
32768
41687
30786
25555
10780
32768
45502
18423
30786
43184
19547
32768
34138
30786
41687
41687
10780
32751
10780
43184
4785
32768
7213
10780
4785
51684
26156
34138
18423
43677